261345110000
261345110017
261345110018
261345110020
261345110022
261345110025
261345110027
261345110028
261345110029
261345110031
261345110033
261345110034
261345110045
261345110047
261345110048
261345110049
261345110051
261345110055
261345110057
261345110062
261345110063
261345110065
261345110067
261345110070
261345110071
261345110073
261345110075
261345110078
261345110093
261345110096
261345110099
261345110100
261345110101
261345110102
261345110109
261345110110
261345110114
261345110115
261345110117
261345110118
261345110119
261345110122
261345110125
261345110126
261345110138
261345110139
261345110141
261345110143
261345110145
261345110147
261345110152
261345110154
261345110155
261345110157
261345110159
261345110163
261345110171
261345110174
261345110179
261345110180
261345110182
261345110187
261345110188
261345110191
261345110196
261345110197
261345110199
261345110201
261345110204
261345110207
261345110210
261345110211
261345110212
261345110214
261345110215
261345110220
261345110222
261345110223
261345110234
261345110235
261345110240
261345110242
261345110243
261345110249
261345110250
261345110254
261345110256
261345110259
261345110265
261345110270
261345110277
261345110280
261345110288
261345110289
261345110294
261345110298
261345110303
261345110305
261345110306
261345110312
261345110314
261345110315
261345110317
261345110318
261345110320
261345110321
261345110323
261345110326
261345110333
261345110335
261345110336
261345110340
261345110342
261345110343
261345110346
261345110350
261345110351
261345110359
261345110360
261345110365
261345110368
261345110369
261345110376
261345110378
261345110380
261345110387
261345110388
261345110395
261345110396
261345110398
261345110400
261345110402
261345110405
261345110409
261345110412
261345110414
261345110415
261345110417
261345110420
261345110421
261345110422
261345110426
261345110428
261345110435
261345110436
261345110437
261345110441
261345110444
261345110445
261345110446
261345110448
261345110452
261345110455
261345110466
261345110470
261345110472
261345110478
261345110479
261345110485
261345110488
261345110489
261345110490
261345110495
261345110496
261345110498
261345110499
261345110500
261345110502
261345110506
261345110507
261345110514
261345110518
261345110519
261345110520
261345110530
261345110532
261345110533
261345110535
261345110537
261345110545
261345110547
261345110553
261345110555
261345110556
261345110557
261345110561
261345110562
261345110566
261345110567
261345110572
261345110574
261345110575
261345110579
261345110582
261345110583
261345110584
261345110587
261345110590
261345110592
261345110598
