61584680978400
61578646449617
100004143092413
100045171605550
61581211142503
61584384969529
100094012393290
61585942004048
61585445956911
61582919721143
61575017041026
100066619862665
61567019015350
61583509791497
61579092495074
61581648294661
61569584758236
61577893102703
61580856936826
100080000473700
61554669713994
61571858103538
61558484402597
61577225884354
61574728656154
61564144228349
61551050374208
61566503266602
61563589239334
61575650542284
61578010829363
61578227616983
100082840201712
61552321934477
100081578236599
61578114542714
61578305300966
387833327746406
61574872901770
61551737026209
61574864107641
61553336924542
61560716743392
61576335594931
100082974801046
61555179080376
61574448745192
61566316093101
100029855044845
61559307676445
61575000308617
100064825744335
61570601987582
61563801690609
61574982335111
100088559460521
61556314243560
61573783995137
100084267582186
61575775984600
61560077414468
100044933013636
61575557866420
61575854295338
61576291484760
100085477924656
61575716259126
100078315162035
61556884588115
61552770844491
100088752978835
61564569686842
61573804303781
100091416271599
61569363236031
100046607755203
61570651966762
100076700267215
61574074942584
100043753210169
61569859049918
61557887903639
61575676820823
100035872025471
61555684808668
61555032001188
61556311083868
100087924114979
61567135686257
100095709123260
61574539662080
100080309877600
100017092061702
100078494164422
61573023862170
61559404401027
61556252943200
100011728425647
61556397375657
61558108094823
100093637372872
100074968550809
61565612243408
61556141966436
100047827309972
100043415711012
100079208946351
61555153395016
61575169975626
100054863996915
61565166783172
100082010117572
61556302197667
61574601062144
61572161520729
100094145101268
100046513357503
61574772343505
100093948975413
100073713361106
61559491487142
61555194004802
61557635613407
61576098268888
61550932937094
100072278088423
61572101452840
100094402277669
61576231351634
61558647184788
100092330920035
100044699676673
61561718300221
100063618481306
61560394572599
61565929031144
100089904236803
100095338088470
61555672296841
61556077193707
61576012620149
61555584461372
61560409212246
61560943295425
61555556131775
61573694858227
100063564574325
100064002194167
61550703887000
61576392686910
61559852246376
100089271816970
100049259709498
61576100492596
61573012509640
100069580886261
61576153951089
100091625896819
61574596685815
61567124170437
61564778484957
61575094353251
61574962175344
100082079495386
61553294098758
100081663622934
61572045845974
61575162995144
100071345528882
61573705730011
100016750776589
61555229715053
61573911606624
61576232640883
385962971276626
61564464688503
61561637837453
100061394680824
61559974467605
61569061748187
61563610474070
61586379029115
61566175088265
61583784630564
100083699703079
61585932947450
61576091195499
100089875021331
61557971160214
100011867371708
61552323676324
61561361365286
100043447200982
61556257344549
100064082364261
61576834655352
61574710221714
61570991636741
61572606118716
100025372241304
100022268342937
100016403955103
100085103175854
100001315897926
100083826281095
100093527217401
61562788897690
61559592554046
61569612793937
61562781373356
61555987254247
100094418059252
61552302253282
100081235155286
61584022671840
100094677999455
61583229040358
61582644630820
100059112252124
100079934611998
61580098936367
100036178800154
61570089004232
61579822041179
61574074079722
61578067393684
61553779596240
61578212770698
61570911715519
100027803354300
61578946142306
61572817811360
61564196612061
61551755373918
100068946739988
61560842502367
100076760080241
61555970587633
61578047131774
61576102396877
100087649666788
61567460793944
100025683013353
61562939949043
61568722544726
61557909002184
61571491415033
100066374894892
61575316120638
61573959811194
100094352914562
100091063165440
100076477624018
100079132694001
61553715594733
100082871464320
61567130156534
61568907343072
100010355863309
61551644296460
61562135212814
61570323165433
61564112665751
61558455002216
61558365476847
100049941431087
100038966689867
100093645515736
100077295937068
100024845003430
100094080735683
61555748730494
100094115405391
61570092542607
100079273689153
100075523083296
100076630638617
100008137930247
61559532882427
100091130792859
61552109780619
61566812900992
100074280799514
61568351218512
61572394471011
100084892575450
100080361741712
61563765667993
61574418496268
61566448050344
100089504055176
61575048235256
61573156012858
61557373146442
103605435550802
100086938063512
100094600602380
61551624630313
61566550844998
61566909032340
100083967546536
61572565687654
100089834637522
61552266187364
100076814623480
100084122056883
61566842443754
100082222414853
100080818924428
61567624795147
100074360921864
61553675289687
100082593263967
61555385123508
61574074320970
100037126051956
61571487535175
100069011169927
61562595164664
61553413255309
100003500734602
61554303568524
61559889303810
61565746915633
61550946936946
100088953188298
61568953266946
61567653095565
61572383407778
61561651285843
100067085192716
61572770798889
61565005127265
100093992755758
61567195852293
61553515105976
100069673459395
100049781183718
100083520527593
61573899125232
61571969444181
100027800380829
61562170580282
61552387982193
61555499593034
100075767717751
100075563910528
61557576741201
61572738762613
61557056957185
61557480013219
100091258230974
61565068979268
100071018251330
100077739276769
100071480087430
100027130843035
100081213050331
61572202448339
61567259730996
100066592666515
100091829925243
100080678896792
61561703673886
100082434304577
100052060111711
61564577054131
61572917501725
61572407621720
61573171653943
61561360647192
61573356936470
61561347961440
100076670028837
100093319593094
100081624945624
61561865942703
100093119930710
61561126762295
100086992951932
61550054757530
61559122882893
61568623090252
61554590811532
61563387436882
61567147724496
100090595609979
100065644925408
100013990329151
61567533140217
61566267094567
61574325532548
61566558632726
100068114899731
100089379433061
61572675385376
100064813465359
100012236402551
100003259587353
61566952649006
100081039433760
61555060873629
100046703311800
100085686845434
61554025821918
100089792858288
61556190277980
100087086001713
61557216136240
100077307526790
61564344795584
100024957188134
100076387762165
100074302576691
61557210291406
61555768120183
100052725343792
100083688826990
61553673683335
100091566064185
61555374758412
100086908545482
100006689945983
100091797694851
61574080741134
100034947253372
61564195978664
61568713680278
100077607646620
100042553717518
61570884720366
61559043397122
100092866346435
61564976038040
61558158840006
61551706453114
100093666126102
100067363685491
100070528461970
61552504642988
100074743821846
61561255435646
61566457827466
100043971304967
100089697340299
100085049625152
61552667957826
100009536647046
100094221382527
100011697031859
100075211227291
100081287456439
61573169552020
100064329142661
61561063195641
100069316586274
100039927197080
100090618090733
61555224537132
100058794572192
100084670680464
100095360167385
100078066352067
61552977560576
61555389231731
61571770464431
61562152114235
100027788359292
61553736733201
100068095246086
61565285566419
100069161618877
61556768671849
61559549469268
100086458294845
100003722565577
100093817457915
61557117562658
100083445165393
100047147655651
100011710499311
100043795508505
61552006436656
61563459580977
61571445879214
61572299170501
61570344899052
61566737564492
100077613056962
100081751101886
100011418447581
100045891371083
100086721633165
100009527677014
100088212795548
61572985229045
100065959246890
61554791947584
61561934438291
61557941669956
100004186484668
100069584286879
100084164108066
100049704101860
100088610178103
100080541852496
61553912476002
100095231423912
61566410303374
61571500595339
502036866328032
61564265786094
100010092406383
61567497869849
100065743285675
61558169133584
61562889745769
61553698745462
61561177303594
100091283447651
61552324654322
100050509722245
61550828924953
61556728333169
100003532988629
100083936324734
100026120593298
100085889280461
100022400851251
61562246051299
100088398251835
61559392383773
61553807377795
100063653677326
61569963112044
61569703794456
100077465572995
100042511597912
61568812740771
100087141829818
61550461073741
61555923392455
61567109491199
61556337314819
100082550157454
61560374811533
100073678642618
61567200413558
61564261165339
61552132648592
61552262525526
100095395659714
100095250391562
100095249478640
100095130138325
100094906236522
100094450658799
100094109575259
100093815225436
100093571789602
100092340585410
100092248411988
100091563790750
100089640900099
100089552852017
100089536524018
100089063281046
100088729068160
100088678053385
100087909675699
100087080652589
100086514215651
100086043135177
100085544211103
100085147153767
100084231722012
100081075720762
100080140549549
100075660400836
100073916965642
100069516307756
100063412042305
100059643556120
100055428622985
100055338265683
100055089053606
100047105593442
100045396485756
100045002022975
100041484008893
100039716260355
100037826463686
100031709250764
100028077053386
100021167018586
100020292983193
100014688435046
100010833810583
100006946351534
61556271307064
61556009896026
61555927178770
61552522824514
61552196987215
61552104240570
61552082798282
61551904572877
61551839832145
61551715057195
61551628210119
61551047558360
61551003930435
61550905414181
61550624001728
61550525681315
61550521635059
61550490905282
61550475581707
61550305605692
61550274403466
61550250227097
100094472666750
100094241839971
100093424191419
100092122012195
100090674692537
100090454382266
100089997321506
100087059408721
100075213611869
100070298227684
100061603342498
100045804216889
100041886678580
100019303623319
100012322274596
100009954769187
100009803235202
61554700077099
61554203614324
61554183126704
61553971100611
61553685012723
61553669345048
61553022417433
61552955721716
61552845963742
61552267341862
61552152902432
61550699807319
61550495121987
61550110397431
61550076590485
61550036543272
100094011274583
100093062462525
100090067839366
100089313858832
100087132541099
100084579551655
100083422822970
100083168166269
100081594127633
100075309926721
100075157211380
100043438447537
61554644696585
61554040063757
61553971757139
61553616428761
61553276690683
61553057765762
61552860745575
61552822575115
61552676457681
61552548393119
61552507932348
61552322480266
61551741602995
61551714676327
61550856852623
100093905205460
100090590893273
100090395509325
100088723334188
100095077357751
100094216116545
100094135384693
100094120271064
100094072663251
100094044755317
100094023705362
100093982038860
100093698660099
100093674857611
100093660309514
100093508088150
100093368949587
100093252686019
100093163130980
100093144323655
100093077715046
100092976465980
100092671274852
100092603363590
100092528805283
100092493229998
100092251538232
100092221611115
100091869497444
100091599498505
100091420426782
100091000781206
100090833427785
100090719475451
100090572581301
100090370652261
100090088455840
100089837045640
100089688786429
100089641870454
100089447414203
100089249777721
100089216071433
100089206703358
100089061581553
100088878769776
100088376776694
100088338513389
100088235215253
100088086297987
100087955465526
100087876263575
100087762421017
100087456825190
100086938487992
100086599940309
100086282722029
100085808892073
100084900186309
100084419957175
100083847507078
100083468348518
100083199502072
100082971391853
100082751852766
100080783950841
100080629666622
100079111036839
100078261323021
100078255040046
100077464971878
100077323321115
100076227805018
100075691883059
100074311581398
100072179946246
100070367167801
100068466355733
100067492800981
100065972246519
100063713795758
100057748713061
100055955903540
100052560622113
100050282803987
100049560469050
100046965213581
100031025342956
100029029418451
100028425797524
100028396681975
100015224136718
100012667322137
100012485504989
100011975045350
61556257889357
61556232085007
61556095290988
61556038867487
61555806234326
61555704297398
61555291465789
61555198201568
61555142333899
61555026647853
61554884357386
61554806918274
61554792328388
61554698044788
61554648997518
61554544361897
61554484605646
61554337032875
61554274576483
61554196520910
61554190354983
61554110181154
61553946422933
61553134634628
61552521192293
61552243851948
61552204994943
61552113812693
61550951141427
61550559002784
61550292565034
100095282093945
100094286193182
100094238405482
100094089731200
100093705171112
100092661936763
100092618213742
100092270813655
100091948442343
100091523108841
100091353327136
100090918643162
100089503593956
100089452463290
100089418979380
100087777416762
100083396217691
100083138342230
100061989053431
100057702295864
100039769354627
100034027896718
100023644624072
61560083842946
61559653628691
61558811252766
61556023460788
61555211522647
61555052142124
61554989712100
61554739906934
61554188610344
61554026081475
61554015326058
100095425324660
100094748971134
100094353091686
100094351620806
100094254071053
100094230873157
100094209013265
100094195219324
100094031956134
100093958167410
100093792727164
100093202811426
100093149032972
100092972446782
100092873689215
100092403922810
100092360095680
100092258119164
100090692594997
100090590727527
100090329826815
100090209932575
100090173439450
100089890034682
100089646676813
100089310057067
100089267782393
100089229711373
100089121454802
100088517420239
100087894454692
100087511331857
100087199238794
100087155627040
100086544553496
100086155034972
100086078005060
100084133127280
100084069681901
100083547445588
100083525095702
100083126093714
100082106616575
100080629009683
100080597511822
100080287253411
100079906762242
100079310674454
100077550348689
100077247202404
100071598252464
100071459357393
100070617870592
100068643521754
100056225576639
100053414446589
100052427026993
100051428618643
100045192384369
100043503939796
100043446703007
100033506084341
100029858573124
100028511169464
100015144647285
100006426206046
100004339180919
61556332803703
61551603411569
61550522511800
100079144751001
61559133840691
100088011684621
100084730226464
100077162162214
100073763891308
100022422531999
61555764462726
61557204904357
100081624627985
61555953920627
100088009903113
61558868281036
100074539895463
61553261487076
100092590816958
61565026898102
100088695646817
100071518338837
100087545697104
61557285881320
100081978676806
100094247567091
61555684046260
61560510989238
61566336848782
61567533244677
61556826683903
61567166934482
61568275353329
100085443660114
61557594756951
61555147495820
100083904251268
100094156011589
100068927901477
100077371075203
61566751341355
61565450181148
61564575027635
100088306429595
100037427651182
100076697785784
100046815048521
100080192104958
100076408573684
61567708078433
100093070633072
100052030598643
100043742731049
417967068062329
61566985296169
61556255656523
100095079366709
100075555272723
100084163790491
61567026275726
61555264282844
100034094291287
100079230633990
61558797965735
61556909074103
61565783147903
100091089773486
61559785558441
100080812493041
100091683281448
61554870227915
61552585631351
61554336429490
100088806187745
61565960120671
100027353853503
100087784521452
61560075824226
61558999666033
100075305244465
100008187821071
100024674439100
100091387777703
100059799856692
100078866312751
61561262570038
61557637105783
61563710597238
100093965603101
61564404431185
61563848720147
100090109128869
100009057265813
61554149426929
61564430457771
61552321181838
100087857270705
61555175079770
100075548972869
61556366204817
100066592816398
100093841055894
100053155433427
61564585972448
100045023442371
100019944698927
61556811582497
61562998047453
61562369431938
61556829838367
100056423899677
61551793388080
100091446553146
100081282434902
61557482440398
61557128240597
100052544776115
100030339499278
61559295910289
61560145679558
61552791515329
61555955636380
61558681804063
100087551613529
61551884243129
61562763745770
61559007667888
100093636971112
61561910859410
61558753637182
100094455699339
61556178447070
61562732950063
61553538001533
100089940949800
61556095602709
61557323607073
100069171381270
61558566432333
61560207294092
100081024696451
61550001994142
100090796872367
100092261901639
100024228670273
61558851084351
61558666677117
100042022451696
100030112969370
61558627824198
100077259273824
61562009107397
100068384561190
100089353599654
61556708640349
61550499101372
100092316948788
100088068030285
100049110878111
100088808499718
61552037979435
61559548607402
61560433523942
61557486301821
61559055373157
100093152696794
100086981241345
61561323202895
100024136504732
100089574477001
100035610401280
61553653726369
100007752900755
61556038888166
100083274243035
61560599819681
100069616008519
61550546242559
61558777643523
61554957358752
100091475696212
61561244811872
100014112936554
61561205930457
61556801411887
100076828689331
61560552881216
100089491838926
100055479903172
100085483118256
100093873232759
100055275918700
61550500483676
61559858253208
61559110431605
100054317193391
61557454898114
100091667006203
100093185325273
100077704505908
100054572685472
100021513048864
100064377467038
100060788613729
61559951670098
61558148784761
61550959805140
61557909784550
61553965047904
100082032212324
61550947507207
61560195290532
61559870190548
100068067996841
100088952470458
61555777418604
100035406164521
100076472416450
61555706734012
61551215668125
100004159291290
61556487262106
100068766005364
100094945773146
61559823025261
61559094477137
61552512852048
100024060108242
61558520320974
61551009509914
100095645463546
61556285383356
100093329719592
100083539701711
61559180827920
61558827069335
100094870647997
100034048695900
100082087062919
100084723348071
100011315970456
61558652859913
61558497791925
100079813595556
100091661169329
61555920668984
100034925712153
100085223104207
100073961972351
100078353924635
61551060928640
100012036100696
61550197205632
100089163630778
61550007890721
100076634678250
61553647689059
61550881124345
100073305584590
100084301870530
61555592316950
100093818319972
61555882176284
61557188323849
100045192770329
100092711114666
100077415691405
100046738793412
100057777221558
61555665584023
100058226584457
100027940743952
100091972352651
61554666834891
61557134737526
61551283873032
100065897651478
61551502755280
100043867231092
100090019794839
61558185624421
100049690987015
100068826977238
100057128047172
61555401651936
61557638373753
100061685775347
61550931277348
100052990272706
61552551117224
61553687561481
100004478748514
61556532778356
100077633320466
100088480395372
100042778656314
100089827612505
61556715557698
61558530086710
100090825297386
100062466848867
100089889764562
100066679264695
100048196080076
61557955252704
61555695116718
61553345757954
100087917392557
61556897306940
100087787480623
61557933702304
61557502709088
100054524864330
100029632224369
100053700197385
61554821465528
100082693093334
100050782660727
61557098190668
100047215441642
100082066516174
61552387490392
100093667541520
61553240435976
61557535994953
61556519949123
61555472241511
100072149467772
100094317863538
100045456572761
61556437838831
100012091598006
61551223951782
100094493302316
100013935313593
61554034858850
100090714795102
100088227115673
61558120104978
100047545910425
61552371849736
61551451464901
100049040046989
61557567940661
61552316974668
61553058073708
100087370960743
61555825081090
100092947720778
61551206397917
100056396349760
100089925488902
100076843502984
100065109098724
61550834818614
100094200618472
100093855326326
100067396744303
100094293250878
100085613393441
100054060041118
100073964624764
61557484541244
61554778037349
100094396253728
100080841167283
100087969382311
100084876315346
61554799891474
61554878046775
100095234035919
100030936906242
61552656437187
100082741047567
100089566003168
61552080688807
61550110700751
61556737673220
100068343396550
100060539986811
100080152395793
100075762559908
100090807403856
100093448672650
100078100989946
100088162745321
61550068004002
100034483397354
61554973872033
100018203765704
100088349794577
61553962091305
100052738939734
61556889077577
100088599664202
100089540773447
100036103581014
61556348377260
100090000703122
100086139980832
100090669125522
100094231189034
100078465682588
100085129879792
61554624041361
61553883728294
61557298142553
61554409336026
100089227037723
100071097210287
61551632249164
61556554176491
61557529520041
100090679833029
61557065884529
61555367671578
100088841207921
61552609563234
61552035567674
61555982602886
61556942763988
100073769243446
100090412125355
100053114401469
61550196493071
61575696389668
100015639247086
61587944578241
100090406661126
61581862174733
61552020632221
61572641857260
61570414020157
100069359767868
61584374001355
61579460765765
100090388741837
100017147237482
61576479418867
100072806949563
100064529336150
100008830500182
100088887046436
100083031600593
61578449113983
61580757160571
61551014873765
61552327042011
61578118512433
100090485447389
61587765885952
61582491603401
100085894056702
61582881940086
100091832059499
61553069307396
100030023410027
100052970960385
61577923987062
100014075470823
100016425649386
61561190848616
100070455452226
61586595433929
61574779781056
61555289534032
100056831649855
61560337898501
61550935485238
100022735235220
100079037731759
61576827886414
61571400165991
61584114252860
100080588254506
100094600580490
100073263440935
100062057769690
61578287130615
61555880578098
100015349906514
100084781490284
61579607879166
61582329337012
61579659571476
100087562856463
100086454608674
61588430610860
61586728032073
100063654910170
100090418100350
100095201737442
100057866535655
100011638698075
100092326990787
61577727207970
100071763533760
100045387196765
61558612911443
61556160677391
100090890914910
61586565334188
100085419003544
61586213435625
61567868643640
61556203562148
61570277198511
100089826472044
61570584579164
61586462630701
100046615344260
61575188413809
61562511617138
61561014876362
61564232618510
100073859475418
61574324386309
100015631902414
61560539109291
61554368010484
100077201053889
61569347646570
61580441933694
61587086384900
100090835674341
61583774469117
61585260365848
100078886197092
61553949170731
61581975609527
100092055800051
61572300647319
61557059429957
61583488440209
100058346580179
100017659926035
61580019431058
100063599562221
100087408496020
61588017012264
61585911431014
61556354984624
61586050573621
61553662838391
61582032350967
61586295880362
61575043257262
100078124362369
61579939887714
100043342729738
61558706027467
61580327321623
61575663359043
100093343869406
61586432592427
100086166476556
100095000801368
100070503672680
100086352695972
100090284318049
100043076466151
100023387149788
61551559280997
61556662955469
100093603709677
61564529345166
100086540656634
61573101411538
100094638712007
61553706804147
61586707235579
100094514504266
61561090684677
100078684242257
100021789315535
100043261433749
100085116499070
100061110215784
61581407408852
100087113934488
100088807516827
61555729479770
61552397857703
61557045571021
100034991797966
61580640309639
61577951828128
100047435171776
61579421608299
61582747186163
100012184153120
61573456268896
601243276732110
100028119761338
61583665062506
61558132625636
100064525033561
61550770984882
100091824789072
61581614554344
61555617321303
61572516833903
100094604684856
61556151547562
61587341739401
61559340869377
100091444566805
61583014483083
61553658066516
100057997454067
61571642399494
100057374814430
61585875242150
61555818260222
61554556374989
100037569039271
100024860443012
100008347603544
100086939874586
100051932804577
61567286250406
100093498425690
100003818291667
61587120960185
61577463877865
61587719827969
100015288522542
61567350385588
61579046464227
61588211436132
61579340371716
61588364024962
61588375143087
100022071288900
100055634766004
100051248981970
61581299237471
100095036448771
100075256316825
61588484941103
100081515559636
61556831794518
61587522826947
100044466201178
61586870845718
100087107725197
61585484096379
100089243480611
61579175296454
61587909297640
100026638051821
61585508135690
61586778602659
61575279557412
61553732408057
100009935775193
100094788035772
61582712745198
61585979008756
100072105640468
61552017176512
100080947639746
100093673074117
61559232340035
100022181901752
61584274554850
61578142828963
61586985700995
100073870731892
100065430755009
61557294895399
61569922497749
61559944417121
61588086860776
61558784837007
61583847216693
61587679025032
61584460036745
61558473204498
100084407911394
61587330345421
61582301680128
61587965152748
100074401517483
100087955358207
61585381462021
61587897358090
61572289825780
100050080750595
994555107069116
61571917262161
61581729954155
61560444944139
61587697825636
61567671620102
61556529669870
100029344178680
100078228455715
100090659958016
61560021092900
100077761857050
100022588591440
61587258246669
100091685476965
61560465729735
100062606510977
100089762604733
61575120624857
61579172176848
61579301211620
61561003006215
61585446041843
100092504136360
61586624973176
61557775135813
61587472164424
100077746925241
100051079179544
100073658703432
100090664485822
61586979700205
61583405492678
61557076351821
61582943630146
61568658553100
100085570620258
100057275721307
61587113512222
61554174784029
61575021282172
100007864178176
61586226782573
100058473516954
100085708193527
100062556744004
100094753789587
61586310267256
61553136497028
61584353240716
100006977256995
61582780076731
100077628994413
100068609743101
61586849698826
61585965343680
61575268648811
61574156071928
61581942115591
61574888975007
61555680762963
61580027518522
100070794730477
61582845146252
61557551831782
61582306935401
100004449600802
61583895026800
61581652955585
61568091226878
100008437533631
100083044310430
100063249716861
61580043951290
61557236336265
100080954946045
100052606981851
61584651840598
61556724474413
61579918397712
857685567438218
61554974045984
61573451552454
61581158777154
61557558570273
100094180022374
61577597475050
61560211461779
61586187126838
61583044075226
100057969074813
61584766492630
61585351726427
100015915963975
61550883021364
61558758447089
100060961423863
61585350981348
61585997005961
61556084455495
100072136182484
100012363424337
61556232687166
61583398839336
61585156055086
100046749307548
61555875789143
61560551961018
61564044961042
100086278443048
100006932925237
61550083112163
61578234188374
61578118433426
61567362682330
100026299443077
100028056278320
100020929043485
100010601494997
100067875631438
61569027652703
61580839933647
61556141316526
61585141112496
100004136026879
61554389282387
100075059778044
100050907948716
100042510130937
100040821917273
100086487221534
100037748799124
61559187010119
61553740906695
100040454781140
61575866521679
61585081629120
61584102393460
61584669525687
61581494426716
100083803880270
100089721247381
61583606514394
61561225652695
61551003906520
61581648564156
100091065618765
100088991945285
61565028315811
61584674521634
61583498859613
100086743233164
61574952357445
61560515556829
61573272640991
61582949170191
61578573876575
61559111974220
61569574101437
100082245288191
61563981644094
61584606494801
100006096006852
61580406914634
61564971076352
61555951680527
61556300704013
61584903625986
61568141534343
100044888077657
61583503830018
61579230068177
61584455960481
61574447679971
61583824389192
100034772450544
61584641997926
61556159560659
61556787253400
61557652359851
100054409414727
100015816157592
61552578553196
100086033244497
61583124631182
100073065041938
61554309840782
100014304361848
61561615326999
100084147953004
61577147106682
100054497304093
61552935880531
61551083107756
100013512014343
61573778790623
100075408242916
61555036303053
61550881115043
61577397164876
100093695911777
100051101372306
61551041457883
100012551418482
100079277446626
61580469940724
61581180375573
100044587133461
61560869406739
100049860158653
61579025432883
100012271818300
61555311112353
61579496335568
100017204866400
100079629109498
61563457782292
100053735301364
100086435984093
100067381506707
61555706369151
61550959814297
100045136452697
100059402624359
61553645844359
61557829596183
100033636585341
100093103032120
61558825507058
100083375860162
61567721316439
61564788375404
100087680648377
61573561307924
61564307555948
61584148890560
100050186040927
61565118729161
100054966678017
100027285755933
61572487424531
100073986494236
100008286360702
100008507952667
100092058600650
61556220435101
61559525284560
100020123104950
61579312737137
61575541976384
61584272226744
100076838261025
61578879309374
61583594308398
100078349507490
100013021996235
61569239198176
100090825998038
100021523875918
100086991134416
61556896411971
61574675318120
100093417632830
61551851408837
100087238249198
100056996845118
61550309034999
61581299970410
100039138063923
100071533939995
61579068101658
61550630173239
61578400555297
61572034007567
61569300621212
100088777052197
61583060212241
61578820970568
100080158812012
100075103334989
100033265986632
61584138339079
61584179708565
61560254275525
100057181085821
61570638553086
61559699166406
61572252381150
100080722231198
100067661357397
100063509701010
100012472781756
100026040307157
61574551523865
100071529525421
100078554313818
61568436201089
100014137905597
61556132685212
100006375512869
61575307622187
100014899202377
61575323965646
100031300213364
61567133865305
61564873931256
61578373109709
100080232308105
61580115184442
61573859439357
100036053194802
61584424053130
61568538633554
61562471496370
61567159211955
61565563723577
100055746233605
61583970060164
100055499202376
61563273077458
100088154198491
100078002531022
100017942706317
100029536031305
100088867001693
61559729739645
61560557980983
100095486864752
61553187855375
61556108922045
61564586707449
61557509662420
100037688490535
100064343106338
100057459060366
100012316360169
100009953372783
100025739453989
61573020936062
61561851188663
61573411065612
61569545006123
61576744735860
100082211414004
61570019554725
61571947735386
100080502741473
61578037840373
100072850993675
100062932819312
100028878554419
61581185747652
61576978271109
61581196688957
100079817240285
61550259936620
100093265496605
61561441407399
61563809893916
100088417959251
100027186786750
61575289925272
100009169504789
100087519254243
61558208194244
100026529843969
100009369152370
100049581833812
61556606614722
100087645003310
100095370901958
100045021695290
61574986017709
61583631311892
100009691937229
61566878176936
100094394757061
100054314493970
100072689629262
61563100646633
100017796078922
100027678415337
100056092102927
100088981643832
100025741787344
100071706319757
61575356085127
100078984465480
100092192605313
61571408220047
100083925630260
61581376104930
100080843495712
61572820117407
100075362967545
61568408380619
61551920513254
100080908977720
61582764865900
61555844883028
61564492773496
100055106053709
61563080383291
61582184882655
100082695429995
100087941542766
61560464978272
61550006471620
100051922576264
61578566857529
61578887581152
100093312851511
100038426587693
61575238288003
100094330035526
100091967952599
100090416226760
100012696183005
100087144555326
61566977745768
61582817916259
61565413571533
100004032620975
61577882140073
61584521451773
100089992114008
100090045137349
61575300663786
100095086276262
61583880202579
61569539682165
61555558915591
61555835377144
61569398981713
100006803715077
61552991038710
61565139907713
61577304928066
61573540302900
100090015384598
61553046524562
100080031922366
61580841471204
100085634712725
100030561648369
100089713933396
61551602114818
61584368726822
100075279919092
61583066946135
100072666187266
100076666328346
100057091911487
61575837040438
61554411536995
61557166965992
100082321180836
61571152345698
61571300805010
100070693195596
61557339411501
61556112808770
61582642023250
100008391360329
61565153621322
61572711939077
61555421275154
61561154594191
61554905771706
61558862991019
61560422864330
100008226915706
100048590803858
61575668560854
100050505861805
61573905135805
61576056910967
61582141358046
100014713124005
61579868887983
61567744563997
100057508170560
100078107934511
100090473916468
100070722755033
100080948723975
100048545499788
100086094263490
100025323367400
100018000043242
61571708728716
100011709317877
61576332765810
61551913092811
100026668989482
61553693948996
61573588616122
61579270718873
61574039343699
100084811934381
100094759185672
100079988773370
61583517717665
61573786127118
61573445420358
61578003191332
61580957738064
100073104800017
100095164470028
61579196203824
100053674875089
61558369559771
100066968186679
61578107067730
61565989261755
61573426047924
61581429535701
100026815535781
100004511075995
61554551650803
100081114642545
61557468463549
61574920260438
61571581247763
61571405498063
61582309500474
61570036152921
61553371510677
61582315241669
61579776538126
61557557820212
100082077203016
100024867162127
61574181500686
100087958734790
61556015174442
61551614190128
61573132453823
100053446654722
100088064116300
100076060293551
61555677417187
100083172646702
61562335438561
100074845775911
100092326390567
61557167786697
61552024942676
61583594468732
61580519078368
100046617492795
100048232083660
61580708875317
100077847291494
100092214675449
61557469437869
61575886793741
61582066832620
61556734604881
100092620696006
100025267912828
61559498085329
100077940428300
61583411800246
100093978792220
100084115621214
100089193826915
100048951677649
61563338932988
61557208151628
61581176340005
61583348922636
61552496946179
61553937912165
100073942754137
100090927175959
61564490210908
61550507886719
61582856946431
100071025949446
61577254603360
61568954520994
100075109670729
61566196281358
61576249447942
61576178700947
61554278639812
100081537728424
61573434538202
100087164634664
61565689960935
100074775271778
100029271317922
61557848699707
61581657357611
61567402575402
61582883520003
61579752185467
100081821088880
61578298522170
61576802040204
61554105774506
100089486979022
100070041697398
100029647821013
100026623252891
100025453234773
61555701368447
100041211723399
61571145224460
61584251962394
61573083831893
61557435982675
61582636320979
61579399108377
61577722737843
100080485325270
61572599739240
100082099574023
100070812367189
61551904437599
61581309795604
61550658613114
61565475276756
61554754577621
61579091337975
61579369791857
100093906107080
100054811594071
61578366758988
61567742661001
61571102937112
61566738127142
100086466011462
61579787859941
61563457851606
100021090303037
61581113640458
100073959684184
100062487356723
61578600215741
61579445313760
61577253364999
61576194488967
100052538580485
61582001300567
100076285843529
100079993977320
100061251180296
61577579036971
61579968789896
100089808230847
100092585768903
61581005612806
100003831516888
100087985422611
61582491897196
61581259769819
100014422759273
61567478132266
61554411043412
61575895307246
61559697613676
61561210111499
61577680277304
61575908641585
61575891479829
100094933038079
61577783742511
100036754669180
61564980854029
61568469565007
61579910665952
100010936230850
61581473249198
61555313842077
100052916838092
61580877866100
61567616971064
61581785789337
61573557239763
61580210475960
100095298079225
61580235587188
61577747177295
61554829296287
61578095454982
100093499728518
100061954325963
61577231614638
61576824819956
61556496572623
100088601629407
61581423209319
100071446493733
61569463200925
61552614791592
61552148908172
100070445624494
61581107574755
61575003083625
61581292851917
61574154600019
100051957738249
61580974737952
61568073399851
61576339490819
61575822194549
61558457007073
61579919082889
100012190325665
100033315150346
100032572627652
61576242689188
100093028222614
61552631127225
61573139652638
100035000440310
100081967222306
100060877066758
100090026803593
100060217853273
100077580862798
61579559071398
61579156755259
100095410665047
100078916616294
61578565618493
579309648594065
100080475995414
100080212246238
61578249595548
61555747481660
61579556098615
61579718330834
61558259837804
61579050030269
100079800873516
61579228676878
61578188744665
100077937248384
100063617382056
61570159379017
61570862651380
61563852309804
61574109743062
100086756602611
61566539417900
100072357925132
61578403568239
100079829227448
61567789247422
61555218227391
61576755057422
61567395715549
61578200866636
100034269693627
61554442585579
100095047061944
61576611591628
100090834920803
100044442952507
61567518508031
61573755170854
100020044586994
100063704619895
61562955818054
100052014814518
61578184362189
100052507191738
61577904795949
61577207236936
61571802511733
61564573118426
100081192332596
100009671108355
100033924285034
61562801939291
100023799580600
61563808716511
100028163587834
61577524244458
61576157128299
61557942854550
100077871319758
61552745226936
61575000562692
100016624719406
100041244079354
100079053004166
61558566074716
61561269187481
100027162251566
100086534404423
100024631366528
61577863671246
61560353171426
100095115724770
61577271786963
61558480130996
61573615644589
61557536587741
61561515538779
100031238327499
61577192404754
61577199488471
61565439301052
100093615428049
100044528358611
61563440996843
61574152574827
61577384366150
61570946951993
61553585344177
100071356231864
61576960757107
100086208362024
100090391413980
61577324720328
100075805282702
61576380934911
61576922567385
61577141966454
61574057523078
61552256146006
100061952026082
61571357009689
100034468591747
100037305911998
100092248607539
61551289863924
100055298222481
100044841430156
100088727891839
61575200106753
100054412120954
61572847631826
61560192320624
100061981566938
100063557345124
100010331749430
100090931931829
100031674309119
100067910025138
61559701497493
61572997056140
100091763997721
61571246780065
61574591835466
61570924825798
61575583012026
100063508822605
61576039534712
61575896082001
100038381693728
100084422945269
61568493735928
100079932575788
61573709369481
61558153685342
61558057285187
61575130585577
61575239175685
100055782324377
100093598957262
100083120838698
61567880106804
61551406895735
61567008268613
61574293764161
100091379023628
100022892556351
61566906449870
100027038295099
61550539058339
61572407074743
61550705498067
100071988847262
61559521556015
61561349474262
61553377424998
100092497053279
100068905171877
100079080171549
100089820842347
100026953831935
100063706029935
100080689961916
100078703818409
61565141276512
100077383639424
100035158970789
61562658727456
61567575266370
61573985660320
100065814716553
100055753015073
61566635331451
61555498920335
100012894008333
100083863647206
61556377708485
61572482484733
61574283956125
61570447884573
100038701900907
100015399134819
100014388033585
100060099526470
61558940578271
100086794515801
61558062159018
61572627881866
100058721355344
61574264652595
100054292354400
100015687823563
100009354109699
100071183502411
100006996161886
61551230245873
61569198652779
61573612900962
61570502111270
61573760674515
61570749848452
100059199816174
61572727268796
100036340592338
61567175813009
61560113081096
100083629846873
61572944767591
61573066151859
61556168968498
100074126867601
61560953090914
100050107509977
61567186783835
61573499607056
61553833593638
100083193758518
100093531550346
61573494225449
61552216767442
100014234918565
61561074313998
100077808815430
61555661349632
61573688851039
100082066360570
100080694304920
61573152660118
61557396511189
100087795282706
61556704576358
100086622408516
100077682161485
61557257433707
61560119365095
61557234578599
61573545278283
61559589699035
61558856727442
61567351075691
100087295103312
61573023256351
61568465986983
100092395278772
100068532596566
61573579436394
61573270116083
61571179183476
61573033633206
100045454039385
61567538732713
100050377296408
61573391069986
100035430108835
100086740667382
61573147588639
61561658383482
61560831797434
100089282324784
572617822599129
61564512434200
61566789582527
61550804472931
100072126906953
100079899792297
61561780526652
100081631147594
61572173655228
61567731264827
61555074953436
61570844761885
61553876453829
100009243523432
100081089444671
61557371147279
100053330684558
61558080818540
100085826839324
100074315040206
61572280208814
61572347530920
100008664104463
61569135261595
61567085859202
100062498870510
61572737323357
100083374012395
61571434966459
61572240287383
100093810190565
100054689900725
61572962966007
61560042865223
100079882056404
61552073047177
61568614513274
100093819729802
100081659013753
61565683360210
61572327693455
61568742182237
61560411736552
61572491187778
61572281053795
61571966759884
61556328239574
61567371083486
100037370823116
100073945995788
61570345903104
61568992259110
61572412841099
100071623447574
100068026728198
61561949487100
61559324703410
100080181566982
100084242702403
100088657868623
100013407434732
100024721155146
61550016440001
61572614551419
100053275066894
61564971545554
61551731768371
61570415096701
100066513294984
100052853259200
61568199262197
61570234193899
100049367320164
100086650976224
100086947270171
100023121762372
61566457442343
100094698144120
61572172014912
61571669316778
61553146901189
100011711347046
61570040607704
100028212757111
61572434519630
61553087578461
100090596436721
100027423970289
100009448903720
100075421356472
100067020211463
61562011528053
61555970474019
100093436272615
61550533460498
61572189714143
100090643645304
100011251470912
100025623905049
100083984857609
100088528404962
100062227539398
100010037505615
100089234540263
100089461162827
61556086726803
61572246127697
61553320476523
100084595832218
61556363128427
100040928200425
61565658525754
100041614656784
100074870927188
100072704447429
100085860603622
61557751886641
100004487237600
61553811460453
100010519861778
61552626130312
61565511882923
100002269460302
100072346765426
100094510465010
100040704032148
100011277168919
61572009996437
100095282236355
61552301355944
100008881994832
100064676352147
61572141814768
100032830072454
100078307923048
100048725030598
61557692410751
100075733209065
61560682119809
100050107067622
61563029258510
100092746490035
61568805590472
100075918152646
100057429272868
61571006378913
61555414804803
100051444463760
61556920887107
61560463029200
61558064908810
61572241610424
61572207530518
100059022039783
61567811037390
100036018531196
61566553588116
61570832168102
61571277055960
61556355022204
100093684590847
61566610326146
100005847762902
100088193685019
61571105512100
61566511813278
61557424041205
100069091593055
61571297730873
100066065255791
61566368125146
100067626319498
61567313436272
100046156415160
100088980327752
61556325374865
61556266862325
100078952062318
61553835766082
100082306262479
61567245729938
100039159046588
100054283393365
61553634174825
100004432064575
61556643283722
61569624137284
61563924538408
100038088101838
61564202647457
100052360127247
418749534651722
554130547785387
61571122691980
61551177308238
61562806233806
61561689668580
61569399921068
61569361116048
61565844937601
100070286091824
61571015490434
100086739187616
61565970625354
61558559048690
100055619269251
61571478503634
61566701482930
100039908088157
61569997808246
100070141091777
100009586631454
100087999676535
100087801482570
100059548177236
61557012016311
100085316928710
100076183710760
61565696422217
61558420628079
100048084842042
544734278718586
61559072505655
100086519785281
100088666027649
100087749662703
100065313100767
61564179010560
61569777368423
100034508393350
100033632769212
61555789591676
61561148941171
61566561774188
61566771662610
61559634658564
100087900986858
61570209965954
61551206286534
61567982344608
61565450151770
61561717787905
61570207576446
61558986051699
61554568012986
61558145428865
100087481425781
61559286274553
61570613341268
100093846587324
61550979926402
61568121862848
100019468843120
61570060460665
100087405084834
61568402597787
100089661338059
100087500190957
100019269737653
100077431805248
100086491636183
61570372023526
100013905398619
61557508236761
61557013197620
100068676863214
100009557284736
100058360815591
61555635194638
100062277411626
61569861672934
61566358643824
61569369144186
61561181111633
100079315100802
61569320255017
100046103928142
100030470524966
100093698471673
61563008108163
100075703247259
100092734837239
100072678912380
61559466691643
61561303931099
100072941901964
100040622162401
61565419266783
61556432824880
100051113326240
100015431200749
100088568255022
100079048183089
100088423030819
61550010054120
61567158457598
100078664885865
61568733143679
61567773167094
61569132333151
100075735625865
100044209716098
61568787555796
100071464390318
61569020704628
100025881669256
100080497237232
61568643836404
100090052010199
100094583270379
61568635918759
61558687975039
100053590269704
100006069487749
61555694402354
100078375484615
100090110823009
61559166849353
61564079146034
61568633630843
61568416891483
100025048472684
61557718761778
61567140823211
61567368239462
61565943856827
100084807648267
61555376024515
61559886437586
100054650011055
100080041556135
100083217405372
61552266836221
61550509506687
61553178518431
100048706539241
100071895412855
100095257062613
61568376514502
100087918026067
100022210253256
100091852482674
61559973269577
61561406597115
100088161444546
61567377284522
61567771317044
61567864756411
100084863386432
100067892186965
61556582304128
61568143209903
61568453518863
61568290282335
100075797711577
100076033720352
100084256473495
61551830567097
100054570555328
100089210632062
61555802285662
61553840896745
61550780756147
61567659503271
61565901124837
100093253261458
100087542130125
61551730367532
100041914242449
100005580938896
61556738813737
61556368745381
100072782844347
61555162919202
100074541537485
61557229574494
100024563884700
100011873115110
61567159204695
61557143214003
61556973172990
61567363507476
100073627568760
100024567582852
61567586604445
100074918228315
61559620106096
100067508805622
100075499620444
61567128521216
61559595222399
100042223034092
100090068061565
100038117602652
61557444161947
61566327944264
100093011853946
61566810591257
61567029082170
100048839147460
61558720676599
61563397555339
100028972524293
61567157547959
61566734080335
61566609963410
100024970081672
100095047424984
61561150801168
61566952394085
61553095860324
100092726498967
100094556381782
61550363505877
100091414758049
100093693301020
100089474916786
61565656756394
61561344293504
61555018016262
61556530824405
61550094607703
100061959113949
61567183980517
61554489554715
61558170568035
100041576823760
100083472651050
61551517433955
100079259432691
100074879910008
61562668564619
100023283513331
100021819396775
100084113167538
61563921587887
100018055338092
61562217159047
61565829540229
61555549756179
61555674607741
61558034723509
61558594358612
61565538884675
100083221952592
61561205429760
61565780665360
61561102581036
61566828065245
100081085775496
61551659513724
61566533885044
61565728735095
100025544673875
61564713637763
100071014504518
100080966537853
100031659586385
100077582773824
61558644175706
100090656838328
61565101272180
61563955645484
100091321291460
61557538685772
61562430712982
61566473934174
100086196602948
61558958756404
100094131157167
61559014581484
100010016045698
61559346462171
100085617378063
100009335305679
100092425789759
61561700781028
100000908764137
100029479093227
100089293939077
100093832212260
61565457455319
100089050623346
100077469460105
100005868792650
61559617952247
100069635694535
61560447526290
100089498294590
100073723455007
100053504962841
100041847943318
100041725178657
100092201220981
100091355472388
61564377145783
61566489044098
61565499162014
100075104864455
61565189600613
61565663877554
100049336298032
100054819177001
100079680609144
61561407694712
61558872597153
61565475068966
100067163441827
100043723962782
61557469672032
100083642756277
100082277907553
61565651588185
61560949717840
61559877134976
61559057363122
61565480295931
61561725337069
61555672210593
61556217728413
100037940160820
100084745754362
100082833765754
100093205831664
100055446386240
100069847794165
100010827973004
100089828194375
100079514233775
61553251988712
100088815344555
61550110822358
100085493737346
61558762229558
100082837840528
100088355972723
61565130250309
61565238847609
100086943372057
61556418466308
100074670876270
100086349141064
61554509248022
61554143895203
61554280955755
100086281830088
61557210956339
100071109316276
100083964574716
61559373905935
100067959090345
61564838552178
61558394734732
100077102464492
61556263815508
61558755091993
100028941983784
61555209250191
100073828557641
61551014045538
100059213321765
61556578073415
100067635488200
61564957063701
61557872936889
100069773257916
61550198996943
61553126685476
61560304243328
61562010989475
61561414314652
61564909167921
100077340837557
100060736777125
100009632921322
61565462755005
100062563232803
100090581112158
100061128572852
61565368251688
100092636010085
61560933021416
61559687271296
100091404310918
61550772606940
61564415849773
100072061605577
100076447625976
61553000757640
61556028127690
61558370154212
61565094599602
61559725533925
61550634034099
61554833764000
100050925261015
100065200718043
100088551265274
61553929293685
100095060131047
100014652693361
100021363974748
61559732346282
100085975464450
100088087434572
100079290066045
61556535807693
61565203731564
61558428963974
100089025916670
61561072713974
100086025093069
100018717243957
100039426652244
61561834293654
100089991405165
100093687758688
61552949832640
61563627045650
100088257219668
100092465870962
100054840337119
61560572537336
61563527559448
100090719680434
61563600087981
61551408740186
61563983477678
100092719541280
100090577613433
61561035517128
100092627465477
100064044482269
100092846161568
61563519751997
61563763463033
100095089253539
61554729269597
61554243776689
61556744180861
100082899575904
100093532448988
61557773515926
100084774588679
100081268148482
100054449974027
100023319738726
61561507619200
100008662900784
61563409985114
100010183245037
61563982434634
61559037774497
61562972220770
61563588810142
100073791394529
100009906152523
100068316660415
61553728910344
61559827452845
100067043417676
61558156180098
100006649243879
100073349612295
61550350138020
61563802498841
61557301958163
61563899063900
100068502729322
100081027192980
61563363963026
61559798412481
61556091320702
61556157453362
100040481889949
61558704276521
100086984204361
61559752574734
61561860524634
61559120128299
61563401367806
61556244010557
100025323220568
100090921365061
61563474805291
61557319888304
61556728370237
61563071815302
100080713795995
100080219434429
100025884364904
61560966823035
61563066241425
61562880334455
100076319284254
61562337774188
100012325688709
61559979640397
100032063012385
100081008610684
61560875403079
61553082041210
100030355842624
100019477365272
61556005302398
100009330298711
61561667757574
100090532235814
61559050631916
61562468726640
61562443215000
61554423932994
61561850124493
100044736974913
100083422967866
61558249713535
61560483486214
100081611723374
100087327084653
61561644296004
100024838572669
61554252016150
100092630986970
100088530524261
100045626327825
100094558474532
100093994389530
100093795843591
100064836836383
61556095341704
61552477775780
100088339345843
100080249531220
100058788181198
100055708818363
100041944180314
61560237222856
100092275724200
61557876516128
61561622296381
100083920429102
61560763896750
61557862587992
100051425659702
61557780846834
100088823452409
61550262532892
100078688151643
100013496623477
61557136372877
61558819924625
61561730300986
100092982710345
61557688563891
61558169992260
61555523789815
100086062587030
100055097885906
61557700441932
100082063271991
100057064261889
100027817204108
100014198745852
100012286358772
100012188137152
100013650230781
61560324293604
61550777150973
100008195408095
100082908310006
100095231054675
61556547340963
61561075325298
100014930717046
61550297499982
61559182606203
100084882164014
61561305052263
61558750358726
61550833344649
61561032270771
100095070841724
100056661772376
61555150845050
100084128294910
100042488357053
61561003679176
100017700572680
61560514049327
61552985024166
100075686337238
61554564029987
61557050860223
100077122947438
100080235216932
61559121661395
100060081076100
100090021493747
61559353817945
100049434349523
100058364779361
61554426244713
100022559797690
100090722886324
100089651073925
100082992680835
100077262367979
100083174376914
100081444904297
61558604287751
100079418340114
100080641488454
100043441593399
61555406769134
61560310475872
61560359223541
100041778099120
100083347564230
100079475496752
61550677187035
100057113380112
61557536157028
100093074289035
61560031024987
100091065140093
61553141525862
61550551794598
61560281391737
61560076676970
100066899064000
100075518464895
61557224557733
61557131794386
100065277510316
100027281437524
61555899423440
100090626245955
61560201232180
61557733271284
100095110914612
100087893531369
61553683450567
100025076446612
61557073719181
100012390079143
100077401780072
100060594996791
61558656943803
61559317711177
100039141224419
100021110855724
100094181685800
61555517213093
100080219453871
61557919171922
61556996956965
100078234033879
61559627126634
100024711256087
61557281552662
100091961672003
100061493531199
61558543979611
100088829890897
100012934658911
100093628095881
100091600047417
100088641372495
100086168517927
100085689108584
100085024221355
100069318750710
100065000574292
100062879770317
100053673980313
100048687525913
100016740153600
100014953687224
100012050741899
61557363583524
61557270414624
61557255940453
61556733293721
61555066749103
61554836685733
61553977546388
61553248051973
61553076707950
61551991235273
100021592967678
100084306497143
100073396027554
100078665904258
61559228165145
100087512941442
100060737902862
61555117186656
100075455291896
61557296576583
100040491354194
100079321057804
61556977250216
100092648233369
61558789856803
100081998375960
61554880328207
100078830306866
61558467548882
100082035155755
100090602329918
100087456227402
61556134426604
100061025521975
100051282647562
100055325042250
100056890343550
100086740655018
61557978458058
100059999147408
100083806505464
61558323363501
100026729710898
61554399721319
100079280141930
61559196800854
61558495697752
61558870203674
61554556169405
61556323863179
100080335244206
100026555897153
100024052051817
100074196207254
61553689208542
100095288389887
100051172163313
100088827242303
100088951251745
100070192160390
100085047477277
100068725459933
61557782278466
100090285420447
100092528912065
100085911054249
100014353216809
100084803360234
100043004774800
100062322758430
100010148763497
100072588921624
61552293191268
100047181330979
100086640605230
100048849293895
61550031928134
100086621643419
100069479673231
61557628570674
100035789461762
100068533386182
100022028172032
100089782417181
100062052483509
61555971651653
100042887890973
61557743768784
100075097394718
61550005732382
100057963817531
100092795305130
100080594632475
100083331545011
100089039383408
100086265613843
100091788957288
100057032199923
100069719072745
61553976422864
61553707681678
100094879866396
61555391264007
100037295324718
61556646420052
100083810194971
61555443091189
100055976383260
61557569773867
61555954992315
100063622946532
100079112334983
61557621913876
61555414032286
100047439203744
61557892322079
100086002182131
100087123627914
100094181131269
61553674978402
100051547540466
100090730818367
100043217077374
61555943395918
100048252857013
100082314057806
100081942811070
61554820601630
100082015487043
61557014445664
100001207402185
61557548129152
61555762087864
100084112860595
100094154647958
100061559191534
100023981527984
100088858697306
100080072349309
61553959678559
100089208114245
100079204887101
61556951952415
100080677733678
100073896604592
100090689285341
61555150781136
61556380139239
61553985448548
100080340092232
61556177031558
100027477964981
100087138293534
61556816204613
100043392903528
61556042295210
100086645172096
61556946835653
100040724895686
100063560934641
100094664970835
100086070386500
100071945377374
61550547302420
61556499450539
100073301284600
100084817909730
100048466020353
61557026662438
61556334275865
100090137395847
61553886249483
100011196977410
100085386430638
100070409632220
100091942020818
61556693558266
100037807539307
61553478389455
100074651594396
100080712894234
61555994275266
61556359063084
61556946834666
100060406064523
100086924715650
61556421516791
100044975102048
100072671603943
100022070115128
61552264254009
100086243437625
61556813210330
100071850772945
100083036876738
61550948707026
61552992317747
61556446468066
61550312428190
61554080821575
100022230696584
100041595456371
61556505425975
100086458004297
100077716304728
100038305772363
61556588129302
100008086004209
100067178478494
100066246652032
100093441624714
100040791457330
100091663883924
61556349789076
100050089146118
100089992372058
61555136027602
100044883234198
100075126848655
61556208312378
100060684455996
100085213087708
61553776160658
100051202057777
61550554394232
61554849969385
100080433046937
100048846144065
100086707375458
100094764521010
100012036370202
61554240844781
61556168133414
100050569202776
61556300973339
61556600691767
100089441897672
61552903216675
100026118543764
100066632239248
100074625865669
100085811841089
100070201884913
100093599474069
61556601470013
61550033619355
61556115489221
100081869703231
61553549357301
61550099122051
100063592993039
100080182584468
100091929414235
100054208666753
61555734986223
100070297526440
61555399813372
61552608124071
100057519280116
61553049279185
100077008007634
61552291274262
100093798424738
100087312286369
61556002707000
61556313443183
61555665853936
100070739942858
61555802516536
61554491725919
100007457555110
61555612806985
100078143691609
61556127055140
100083072182848
100093150924641
61555768448992
61555611358551
100033024994363
100071755931602
100008684056012
61555456633110
61555280972111
61555800333508
61552981814521
100044791354441
61551583391120
61550828673677
100046061435604
100094784048351
100009733304148
100080773881174
61555328964249
61555524880935
61555629366965
100095150659004
61553029186623
100043771805320
100088452123694
61555872712354
100083414258753
61553982761759
61555015710177
100011114130119
100018174876729
100081705614042
100022556891120
61555281431432
100084939456222
61553644288648
100086792874413
61555370705878
100063199217502
61554439233295
61555317057753
100056580548145
61555430092881
100079447993070
61551844055894
61553963187422
100061344474555
61555378795281
100090307831196
100058234838497
61553502041761
61555076397908
61555002549364
61554598631123
61553710802313
61553316777682
100065002794796
61555022158336
100008966073368
61553579865576
100081592269436
61555263923256
100073958790391
61553960948834
61554795415110
100015961215488
100089101088850
100080176767928
61554677114510
100069290483668
100087049959017
61554291853446
61554696562536
100085752463881
100028169735120
61553990374391
61552715570534
100075962802199
100092566667017
100085185647295
100070168500029
61550663296938
100068453390498
100061537016340
61553486728780
61550401260753
100027658923934
61550969746799
61553689989892
100091836372157
100080054603067
61554357151675
61554370240642
100034138087889
100090130476912
61554226058397
61552728466327
100081269226022
217314598126483
61554176353963
100085845614702
100009319349928
61553943197478
61552574395373
100071632292163
100073081966099
61553657798766
100049993911143
100036784094851
100031179784566
100018891547789
100082879096102
100093155326112
61553631451458
100073476503768
61553737693603
61550201050944
61553673792760
61552243651696
61553905214274
100084247710161
100089355890385
100087438655504
61551015210453
100088597778729
100044070876083
61553771417659
100048090523469
100036765044014
100090874593928
100002643172520
100079406383009
100050502315188
100070806052800
61553673104947
100050786943070
61553808600703
100094585577896
61553996699440
61553982028902
61552170147293
100065820601198
61553653063720
100094158267325
61553679541221
100071156804682
100077382577853
100089483718227
100074966077975
61553624074222
100051562934628
61553497546705
61553779736027
100060854270631
100049023399375
100029316186383
61553385310603
100074686656679
61550090513343
100091341994117
100052933142105
100040638006564
100062196783479
100068867245428
61551233484404
100090725140892
100040828116460
100064731679357
100086572174360
100094099008349
61553577517923
100093591159162
100068048596710
100089245367655
100094366391935
61553664961361
61553053422378
100084363205339
100078683829848
100074514527128
100089551725510
61550651936368
100060652166458
61551404781675
100077661423113
61552213258390
100093648143260
100078927821746
100075957790186
100089293650409
61553120652741
100059973881869
61550721070266
100095379410908
100039053504059
100090844239260
61553356233887
61553641491991
61550246322601
100041273042176
100092724793508
100020174470066
61550948374044
100070352054910
61553405940184
100076657154425
100074117862908
100021461025490
100091789747322
100076029567978
61553411309091
100095285868967
61553350103035
100051721877415
100015321132841
100055618872556
61552468018508
100017357504591
100090728531305
100088200845868
100023058369685
61552903630214
61553190067454
61552684344601
61551726484780
100065115565185
100067189735133
100078404087865
100079541769570
61552721259907
100072353945437
100077673657546
61552142850408
100086559540386
61550877256847
100076010194866
61550482671539
100016421564158
100043263852191
100059050370612
100012313573480
100076722677079
100039920511473
100082826748720
100091877451712
100085542967874
100089021355203
61550985005100
100093846579158
61553082689622
100090928688831
100019035805634
100075571852651
61552572514397
100089230283336
100070205322857
100086686538186
100084500372668
100070204106173
100076218412562
100041272509664
100073444362012
100011801361084
100094269567976
100034495632500
100093399547217
61550028175709
61550245905924
100059257421879
100058021354551
100063280824890
100072575118560
100071804143498
61550599804841
100094116626606
61552901872694
100057320247235
100093265092419
61551444744462
100087103399949
100094674953996
61551375729686
100083652051861
100076429733040
61550935571404
61551967281447
100094672241270
100041429371220
100009977920068
100056775622025
100090680292855
100075990084374
100093208344906
100079319882672
61552222787519
100080614210214
100087953383972
100013179464441
61550895405603
100078736327836
100082281033731
61551933488395
61552958370201
100046002097118
100045898353181
100028867602897
100090151083352
100019876081927
100047216122213
100074949720572
100065245020062
100077507860697
100094121106232
100086773989599
100070019592930
100094264645321
61552165293271
100074730511728
100087883274061
100066544128529
100080096709716
61550978956263
61551401126517
100094222071002
100056865941823
100052102607755
100093667297648
100073468899187
100051017087155
100010929063302
100082912980908
61550003473513
61550743324106
100005239634840
100040529629708
100029451180662
100013090178446
100092359775396
100074653546056
100067236000456
100069197853243
100079831964246
100090820102625
100076858375626
61550994598227
100053599008456
100054273686970
100023402691882
100032205439640
100090522333646
100010711260113
61551353894065
61552750946648
100087367083649
61552553294487
100016291560687
100077128908496
100009902804621
61552003880037
100029406469473
100088230440665
61551534127556
61551043380844
100033399301199
61550912438142
100078028864025
100011237793795
61550204271205
100084136292543
61551808949698
100078139772913
100078409557028
100055134529807
61552478380498
100028301889143
61550223276571
100087434631185
100028930205983
100093448099867
100074170802720
100067911684936
100048356170739
100089608325120
100013327446142
100091540042313
100076467264665
100089942059330
61552955451933
100090181041901
100093291840731
100074747051510
100079127446176
100093655677563
100093385127186
61552543047453
61552556198421
100082879770507
100027300650401
100070866017751
100037181511181
100088129423369
100085223786023
100014333940173
100085081950736
100093153469251
100040608914048
100089081347654
100087664777374
100087650940662
100084755301152
100051168287447
100094897580822
100058142025497
61550997007680
61550049294483
100095482808383
100066498944197
100088659894319
61552379892976
100057519061244
100031770926049
100077392177704
100059109057019
100068745634817
100072202566088
100075214216180
100073603093540
61552396830786
100085862281077
100077096542805
100047704011090
100090468613245
100084517623033
61550937617116
100048343453446
100082817062863
61552531224779
100086542269974
100081232057671
100080188753198
100010033268044
61552161742961
100094742178412
61552557845184
100084724753351
100038392963956
61552344223334
61551744465705
100047105018492
61552585434239
61552457581745
100049672904159
100079018749331
100027585347782
100093047595259
61552669466206
100087051128894
61551816344856
100094627454967
100091723011013
61551946028690
100081361202706
100086555932167
100083017402276
100083269507224
100087294949491
100069240062304
100017279072638
100037408303572
100095293082644
100070634567681
100090829977764
100094104990915
61552522204596
100090681524462
100009618515222
100079461308313
100048984060414
100027736756222
100051948191995
100075133242535
100095059403461
100052193910195
100027984682059
100088779734527
100091091441872
100070057855909
61552130086206
100047390862954
100085643329983
100075430831488
61551830081880
100094223764807
61552222656235
100004564740363
100070143801373
61552639610816
100015417510982
61550785077177
100080402207466
61552055914321
100085015556392
61552071546880
100060141621310
100008310708372
100051192960938
100094330786612
61552257457495
100085360893894
61550735686417
100077452210314
100063554593789
100070323632468
100087194347961
100077629545813
100055212878609
100089862326534
100093605243468
100095022282265
100094748678802
100026779382625
100094185277025
100090541331325
61552636075874
100081320186645
100053993654076
100090888654990
100011896476743
100067569654825
100088350720091
100023156171880
100080693299122
100080534396111
61552529609250
100089752629154
100078700534653
61552475824516
100063923593890
61552309015034
61552507164346
100004565537908
100006748306938
100090398160819
100090404832233
100073519422588
100053369676418
100050188854046
100082066719129
100084387824070
61552156980663
100026446130626
100078144437142
100052870050493
100094652956169
100093821152737
61551625090123
100085195002086
100090142008149
100089799082513
61552598813647
100089625053870
100030863628032
100054308630457
100089878246560
100090019396116
61551071195923
100014394821829
100086456505751
61551760814530
100071100954438
100025841995615
100080477357401
100074892951960
100094620933044
100073285830250
100095034077304
100092243029554
100074791226108
100086157876457
61550264926481
61552595724179
61550015244541
100076017720736
61551897075274
61550818005040
100030501681541
100075942201902
100039640573038
100051048674113
100093563617332
61550876852619
100076821322011
61552524657360
61552536927085
100065370175655
100075325235552
100010962760300
61551300492327
61550765514153
100057050526246
100069878256530
61552289855946
100085130024589
100094748093238
100087963410363
100014652512032
100094009844634
100087900991460
100090951729470
100068902584198
100074313354076
100073916326728
100017091288985
100048209464981
100085169582719
100077201913362
61550704367234
100022913856976
100093706484721
100055800828910
100012726965773
100073026414439
100079204177278
100073490514505
100019223476796
100034936309770
61551104152596
100056004288740
100093259953255
100093310578764
100094305534218
100088239456597
100082730075630
100093654692578
61551157805959
100040847451036
61551057158069
100065408895615
100015115867512
100065269796237
100044290163301
100076713811515
100012941194637
100082121057839
100086955853825
100084705717273
100022196085167
100071591319920
61551774868760
100063917023602
100094780876260
61551694564564
100073088663719
100009968143887
100077895576418
100081083373876
100094645571782
100057058208322
100025044799235
100085212813302
100068865083630
100010029360134
100094156552118
100016954081623
61552064582951
61551811117638
100072137768669
61550028152404
100038832580052
100089753094006
61552163702841
100077723463568
61552565392316
61552399679200
100089001753713
100027103030370
61551594771635
100087627171158
61552360827728
100095227120583
100014302710377
100079943332419
100066796881520
61551079842338
61552130308587
100094460112888
61551758755031
100005326816283
61552472901066
61551685934916
100007040558928
100089096657915
100090515050672
61550029229469
61551095097742
100085412894282
100074843439598
61551853596251
100061840953298
61551098489679
100045965421198
100041899298811
61552306291869
100061452422345
61550067476568
61551367704704
100082802810559
61550901176571
100070099157044
100067925059678
100094887084370
100019568768807
61551125657552
100079880194547
61552055484753
61552272387574
100087505358889
100095084494880
100025941592139
100056379956964
100094280755849
100088690418745
61552523602572
100087237073529
100083115864602
61550956588101
61552142303519
100040638065672
100081435039667
100089169100120
61552071025165
61551862035717
100020990262322
100070472179384
100093152161244
61550695712039
100078738222110
61550905156152
61551257630925
100087990363457
100081500865019
100074581190833
100040574782790
100025830465105
61551254994623
100079481082824
61552064403787
100083870567117
100074582830275
100056639955474
100079538900043
61552183498351
61551035867233
100082260313385
100012156373008
100008955214906
100095505846603
61552235930603
61552144525978
61550192529762
61551690706511
61551709063673
61551956819130
100069506242578
100085683554301
100084061836567
61550047946578
100068489766874
61552097543025
100090950377370
100074086297266
100092435212864
100074940126353
61551953241975
100093991167731
100028941858060
100088702765745
61551650858818
61551546151132
100063879864436
100092990516808
100092463960316
61550582145185
100009265284809
61550211026735
100084366911532
61551535949515
100095149723779
100075688850950
100087259879487
100095188246183
61551102820280
61551480716654
100049034870051
61551078670656
61551333932994
100087660470990
61551319674570
100016857908326
61551011605315
100081001582014
100094399130442
100094499898428
100084695351629
61550769403941
100089828672632
100014505092153
61550291494879
61550932642134
100068891630636
100074822781808
100082541700868
100088113381422
100092159124812
100002897299663
100095303890299
100063986733902
61551017458426
100087728738265
100093417320046
61550274380496
100050200940696
100057116312462
100088231226216
100093330325924
61550092095302
61550937053244
61550703034726
100093702410568
61551077691431
100057692709841
100087368290014
61550511142875
100034904897365
100093469786092
100094233250101
100064996054101
61550223932909
100089229065356
61550043697560
100024541207519
100074328864582
100083716477640
100094031911943
100094160245568
100095089262109
100091279996531
100093123257137
100027906003487
100091246577007
100055743657137
100058483272204
100015395865013
100082047525148
100092841277406
100093621829066
100092666327896
100089503576838
100080657809382
100067889528167
100091912256293
100071809144831
100093468130579
100086716171950
100092560061726
100087182052774
100089268286701
100089076754834
100051109611742
100065547243984
100007346499081
100057784336573
100071776027861
100080101095815
100005869925912
100078602115922
100088558331412
100072132656089
100022479593787
100092548335777
100086030116713
100056651207313
100044150077513
100092723511203
100077057731242
100093466890196
100043862381367
100092362059854
100085436637895
100085246209989
100088374567156
100049250160081
100086216395520
100086716965554
100092177491858
100092330426057
100068666931444
100088222391304
100063694900613
100093536163188
100088922342855
100061555980837
100089302822951
100044774052435
100013425640956
100090593142766
100082260617571
100088858335223
100045008562530
100086310594840
100085093017055
100081942451428
100070743151355
100076893765634
100093174229510
100083844801788
100093567848169
100049692887831
100084190237297
100027069525184
100015273523437
100088721903178
100023111328359
100080819931998
100092763723892
100076312548857
100036670389665
100028523871908
100090401534385
100008825050069
100087890778516
100079957180873
100057991625951
100080323180067
100083676281653
100053659835977
100073251548764
100085908529056
100016855329566
100089117140904
100070565582597
100028273810487
100086178378112
100076361245832
100042152242345
100075132541562
100070169700154
100092838041994
100085638181297
100074762035792
100063590268182
100023405094336
100081319484017
100084284661537
100063628523898
100087936415278
100052460287046
100092715443340
100082062175823
100091178288602
100084856586254
100091950794497
100032886074309
100049555990816
100090002686217
100008813989065
100081562802143
100089920694399
100093345473549
100092278519467
100073876939570
100091593541419
100026487425751
100090854778853
100088521635065
100074950189211
100046216223772
100093458450879
100080478542973
100091349635453
100092549825654
100092370321455
100083664439995
100068042479297
100088557062856
100093185716745
100092682261039
100068610954384
100080008027314
100080103642391
100087730731372
100078775414680
100075101682640
100093400982204
100082316614200
100089233625784
100052505654726
100091304628819
100078021153026
100087893543930
100091003347604
100092147244456
100091908057887
100087559006000
100073305367367
100092387466113
100069736862497
100090112617101
100089804533185
100084205190241
100091893229299
100082526896662
100072755241149
100090247341373
100076539425486
100091269662187
100088812537309
100057928756522
100085215977876
100082281636540
100091905752053
100080260882117
100092309941016
100015245538637
100079245948481
100077339040065
100088492290143
100084390549213
100031881303602
100023116400523
100090074316935
100090642626973
100044689624926
100079941758690
100029055876864
100076970861925
100091983063138
100087381642386
100080222121648
100083366084613
100065756371066
100002491779533
100088797921091
100090917606954
100075300850232
100056803896096
100077810312489
100025786840877
100091465785719
100091888351422
100080883801561
100074124274488
100091416467410
100054274601890
100049321637304
100030432541384
100085712403983
100085748111801
100088586438015
100021988485997
100057456247736
100015288902825
100052945433162
100015373326866
100015423250954
100011049948398
100081462280168
100076497810087
100077515665295
100084744581170
100066043303300
100075852910845
100035651273831
100035619139077
100086428555915
100022176436314
100073378486807
100030296135623
100077018088624
100047816544268
100024606990413
100089758620202
100081256996483
100053289068287
100009993571102
100035448702140
100036333125913
100081043940149
100074446676441
100072902967229
100042581243084
100087292467514
100041196351840
100070913304129
100081857356329
100074310501026
100031869608386
100083335264989
100055450174157
100085867098438
100025225984422
100026788782230
100081158147634
100060733352657
100081194943889
100048716299079
100087322901347
100061904813960
100010665702033
100052785348316
100039931549780
100006648211141
100089622757303
100054713445415
100060824715122
100071427836413
100050632821812
100091302168354
100025884378627
100013436166218
100075045427378
100079487011830
100053333356708
100088827240605
100063827287244
100010583406543
100084929093302
100071396931014
100070871985083
100088896403586
100090513810168
100070016861198
100042565131094
100091480203658
100027676190291
100056728975254
100051026802709
100012675781286
100040812546367
100084749564329
100068842742424
100085836383598
100090908803695
100071344293602
100089867870359
100079572537081
100033745305417
100074731841742
100089069979490
100089842073582
100082871707311
100088528582133
100088678943248
100089728223004
100081823133415
100089974022633
100090193014780
100052186149581
100079889296145
100042703971579
100088587164992
100090247732404
100087657712346
100039800643184
100080948306637
100041689424440
100049852682971
100066318476947
100079956219760
100087052280332
100090949770169
100080144790142
100088252640590
100075064961202
100030470080200
100050729166889
100090681097197
100054551138107
100073339711677
100085356005643
100057252514523
100056900884047
100089786559294
100053017000511
100026505232919
100052962803494
100089554779624
100078817465553
100068376927225
100069870263078
100024070823590
100066337050659
100090152283723
100082160337607
100081803568485
100077849123858
100033913156637
100072966007287
100087795437708
100085008530383
100049481161277
100073589918209
100088544375660