923376230549
923376230143
923376230258
923376230671
923376230022
923376230327
923376230647
923376230623
923376230615
923376230614
923376230202
923376230366
923376230320
923376230007
923376230693
923376230533
923376230383
923376230006
923376230698
923376230497
923376230676
923376230590
923376230505
923376230334
923376230595
923376230099
923376230507
923376230673
923376230525
923376230651
923376230040
923376230513
923376230229
923376230667
923376230273
923376230429
923376230588
923376230444
923376230238
923376230684
923376230135
923376230290
923376230430
923376230661
923376230217
923376230554
923376230336
923376230605
923376230675
923376230223
923376230579
923376230490
923376230472
923376230580
923376230402
923376230599
923376230412
923376230332
923376230694
923376230538
923376230670
923376230358
923376230691
923376230254
923376230654
923376230350
923376230389
923376230581
923376230621
923376230649
923376230648
923376230681
923376230501
923376230479
923376230459
923376230267
923376230646
923376230422
923376230170
923376230563
923376230663
923376230591
923376230650
923376230610
923376230416
923376230451
923376230569
923376230672
923376230640
923376230484
923376230674
923376230522
923376230225
923376230598
923376230642
923376230645
923376230668
923376230555
923376230685
923376230231
